malic acid:11.03,11.41,11.45,11.46,11.56,11.61,11.62,11.64,11.65,11.66,11.76,11.79,11.81,11.82,11.84,11.87,11.96,12.0,12.04,12.07,12.08,12.16,12.17,12.2,12.21,12.22,12.25,12.29,12.33,12.34,12.36,12.37,12.42,12.43,12.45,12.47,12.51,12.52,12.53,12.58,12.6,12.64,12.67,12.69,12.7,12.72,12.77,12.79,12.81,12.82,12.84,12.85,12.86,12.87,12.88,12.93,12.96,12.99,13.03,13.05,13.07,13.08,13.11,13.16,13.17,13.2,13.23,13.24,13.27,13.28,13.29,13.3,13.32,13.34,13.36,13.39,13.4,13.41,13.45,13.48,13.49,13.5,13.51,13.52,13.56,13.58,13.62,13.63,13.64,13.67,13.68,13.69,13.71,13.72,13.73,13.74,13.75,13.76,13.77,13.78,13.82,13.83,13.84,13.86,13.87,13.88,13.9,13.94,14.02,14.06,14.1,14.12,14.13,14.16,14.19,14.2,14.21,14.22,14.23,14.3,14.34,14.37,14.38,14.39,14.75,14.83
ash:0.74,0.89,0.9,0.92,0.94,0.98,0.99,1.01,1.07,1.09,1.1,1.13,1.17,1.19,1.21,1.24,1.25,1.29,1.33,1.34,1.35,1.36,1.39,1.41,1.43,1.45,1.47,1.48,1.5,1.51,1.52,1.53,1.57,1.59,1.6,1.61,1.63,1.64,1.65,1.66,1.67,1.68,1.7,1.71,1.72,1.73,1.75,1.76,1.77,1.78,1.8,1.81,1.83,1.86,1.87,1.88,1.89,1.9,1.92,1.95,1.97,1.99,2.02,2.05,2.06,2.08,2.12,2.13,2.15,2.16,2.31,2.36,2.39,2.4,2.43,2.45,2.46,2.51,2.55,2.56,2.58,2.59,2.67,2.68,2.76,2.81,2.83,2.89,2.96,2.99,3.03,3.1,3.12,3.17,3.24,3.26,3.27,3.3,3.37,3.43,3.45,3.55,3.57,3.59,3.7,3.74,3.8,3.83,3.84,3.86,3.87,3.88,3.9,3.91,3.98,3.99,4.04,4.1,4.12,4.28,4.3,4.31,4.36,4.43,4.6,4.61,4.72,4.95,5.04,5.19,5.51,5.65,5.8
alcalinity of ash:1.36,1.7,1.71,1.75,1.82,1.88,1.9,1.92,1.94,1.95,1.98,1.99,2.0,2.02,2.04,2.1,2.12,2.13,2.14,2.15,2.16,2.17,2.19,2.2,2.21,2.22,2.23,2.24,2.25,2.26,2.27,2.28,2.29,2.3,2.31,2.32,2.35,2.36,2.37,2.38,2.39,2.4,2.41,2.42,2.43,2.44,2.45,2.46,2.48,2.5,2.51,2.52,2.53,2.54,2.55,2.56,2.58,2.59,2.6,2.61,2.62,2.64,2.65,2.67,2.68,2.69,2.7,2.72,2.73,2.74,2.75,2.78,2.8,2.84,2.86,2.87,2.92,3.22,3.23
magnesium:10.6,11.2,11.4,12.0,12.4,13.2,14.0,14.6,14.8,15.0,15.2,15.5,15.6,16.0,16.1,16.2,16.3,16.4,16.5,16.6,16.7,16.8,17.0,17.1,17.2,17.4,17.5,17.6,17.8,18.0,18.1,18.5,18.6,18.8,18.9,19.0,19.1,19.4,19.5,19.6,20.0,20.4,20.5,20.7,20.8,21.0,21.5,21.6,22.0,22.5,22.8,23.0,23.5,23.6,24.0,24.5,25.0,25.5,26.0,26.5,27.0,28.5,30.0
total phenols:70.0,78.0,80.0,81.0,82.0,84.0,85.0,86.0,87.0,88.0,89.0,90.0,91.0,92.0,93.0,94.0,95.0,96.0,97.0,98.0,99.0,100.0,101.0,102.0,103.0,104.0,105.0,106.0,107.0,108.0,110.0,111.0,112.0,113.0,115.0,116.0,117.0,118.0,119.0,120.0,121.0,122.0,123.0,124.0,126.0,127.0,128.0,132.0,134.0,136.0,139.0,151.0,162.0
flavanoids:0.98,1.1,1.15,1.25,1.28,1.3,1.35,1.38,1.39,1.4,1.41,1.45,1.48,1.5,1.51,1.54,1.55,1.59,1.6,1.61,1.62,1.63,1.65,1.68,1.7,1.72,1.74,1.75,1.78,1.79,1.8,1.83,1.85,1.88,1.89,1.9,1.92,1.93,1.95,1.98,2.0,2.02,2.05,2.1,2.11,2.13,2.2,2.22,2.23,2.3,2.32,2.35,2.36,2.4,2.41,2.42,2.45,2.46,2.48,2.5,2.53,2.55,2.56,2.6,2.61,2.62,2.63,2.64,2.65,2.7,2.72,2.74,2.75,2.8,2.83,2.85,2.86,2.88,2.9,2.95,2.96,2.98,3.0,3.02,3.1,3.15,3.18,3.2,3.25,3.27,3.3,3.38,3.4,3.5,3.52,3.85,3.88
nonflavanoid phenols:0.34,0.47,0.48,0.49,0.5,0.51,0.52,0.55,0.56,0.57,0.58,0.6,0.61,0.63,0.65,0.66,0.68,0.69,0.7,0.75,0.76,0.78,0.8,0.83,0.84,0.92,0.96,0.99,1.02,1.09,1.1,1.2,1.22,1.25,1.28,1.3,1.31,1.32,1.36,1.39,1.41,1.46,1.5,1.57,1.58,1.59,1.6,1.61,1.64,1.69,1.75,1.76,1.79,1.84,1.85,1.92,1.94,2.0,2.01,2.03,2.04,2.09,2.11,2.13,2.14,2.17,2.19,2.21,2.24,2.25,2.26,2.27,2.29,2.33,2.37,2.41,2.43,2.45,2.5,2.51,2.52,2.53,2.55,2.58,2.61,2.63,2.64,2.65,2.68,2.69,2.74,2.76,2.78,2.79,2.86,2.88,2.89,2.9,2.91,2.92,2.94,2.97,2.98,2.99,3.0,3.03,3.04,3.06,3.1,3.14,3.15,3.17,3.18,3.19,3.23,3.24,3.25,3.27,3.29,3.32,3.39,3.4,3.49,3.54,3.56,3.64,3.67,3.69,3.74,3.75,3.93,5.08
proanthocyanis:0.13,0.14,0.17,0.19,0.2,0.21,0.22,0.24,0.25,0.26,0.27,0.28,0.29,0.3,0.31,0.32,0.33,0.34,0.35,0.37,0.39,0.4,0.41,0.42,0.43,0.44,0.45,0.47,0.48,0.5,0.52,0.53,0.55,0.56,0.58,0.6,0.61,0.63,0.66
color intensity:0.41,0.42,0.55,0.62,0.64,0.68,0.73,0.75,0.8,0.81,0.83,0.84,0.86,0.88,0.94,0.95,0.96,0.97,1.02,1.03,1.04,1.05,1.06,1.1,1.11,1.14,1.15,1.22,1.24,1.25,1.26,1.28,1.3,1.31,1.34,1.35,1.36,1.37,1.38,1.4,1.41,1.42,1.43,1.44,1.45,1.46,1.48,1.53,1.54,1.55,1.56,1.57,1.61,1.62,1.63,1.64,1.65,1.66,1.68,1.69,1.7,1.71,1.72,1.76,1.77,1.81,1.82,1.83,1.85,1.86,1.87,1.9,1.92,1.95,1.96,1.97,1.98,1.99,2.01,2.03,2.04,2.08,2.1,2.14,2.18,2.19,2.28,2.29,2.34,2.35,2.38,2.45,2.49,2.5,2.7,2.76,2.81,2.91,2.96,3.28,3.58
hue:1.28,1.74,1.9,1.95,2.0,2.06,2.08,2.12,2.15,2.2,2.3,2.4,2.45,2.5,2.57,2.6,2.62,2.65,2.7,2.76,2.8,2.85,2.9,2.94,2.95,3.0,3.05,3.08,3.17,3.21,3.25,3.27,3.3,3.35,3.38,3.4,3.52,3.58,3.6,3.7,3.74,3.8,3.84,3.85,3.9,3.93,3.94,3.95,4.0,4.1,4.2,4.25,4.28,4.32,4.35,4.36,4.38,4.4,4.45,4.5,4.6,4.68,4.7,4.8,4.9,4.92,5.0,5.04,5.05,5.1,5.2,5.24,5.25,5.28,5.3,5.4,5.43,5.45,5.5,5.58,5.6,5.64,5.65,5.68,5.7,5.75,5.85,5.88,6.0,6.1,6.13,6.2,6.25,6.3,6.38,6.6,6.62,6.75,6.8,6.9,7.05,7.1,7.2,7.22,7.3,7.5,7.6,7.65,7.7,7.8,7.9,8.21,8.42,8.5,8.6,8.66,8.7,8.9,9.01,9.2,9.3,9.4,9.58,9.7,9.899999,10.2,10.26,10.52,10.68,10.8,11.75,13.0
OD280:0.48,0.54,0.55,0.56,0.57,0.58,0.59,0.6,0.61,0.62,0.64,0.65,0.66,0.67,0.68,0.69,0.7,0.72,0.73,0.74,0.75,0.76,0.77,0.78,0.79,0.8,0.81,0.82,0.84,0.85,0.86,0.87,0.88,0.89,0.9,0.906,0.91,0.92,0.93,0.94,0.95,0.96,0.97,0.98,0.99,1.0,1.01,1.02,1.03,1.04,1.05,1.06,1.07,1.08,1.09,1.1,1.11,1.12,1.13,1.15,1.16,1.17,1.18,1.19,1.2,1.22,1.23,1.24,1.25,1.27,1.28,1.31,1.33,1.36,1.38,1.42,1.45,1.71
proline:1.27,1.29,1.3,1.33,1.36,1.42,1.47,1.48,1.51,1.55,1.56,1.58,1.59,1.6,1.62,1.63,1.64,1.67,1.68,1.69,1.71,1.73,1.74,1.75,1.78,1.8,1.82,1.83,1.86,1.92,1.93,1.96,2.0,2.01,2.05,2.06,2.11,2.12,2.14,2.15,2.23,2.26,2.27,2.3,2.31,2.42,2.44,2.46,2.47,2.48,2.5,2.51,2.52,2.57,2.63,2.65,2.69,2.71,2.72,2.73,2.74,2.75,2.77,2.78,2.81,2.82,2.83,2.84,2.85,2.87,2.88,2.9,2.91,2.93,2.96,3.0,3.02,3.03,3.05,3.07,3.08,3.1,3.12,3.13,3.14,3.16,3.17,3.18,3.19,3.2,3.21,3.22,3.26,3.28,3.3,3.31,3.33,3.35,3.36,3.37,3.38,3.39,3.4,3.44,3.45,3.47,3.48,3.5,3.52,3.53,3.55,3.56,3.57,3.58,3.59,3.63,3.64,3.69,3.71,3.82,3.92,4.0
alcohol:278.0,290.0,312.0,315.0,325.0,342.0,345.0,352.0,355.0,365.0,372.0,378.0,380.0,385.0,392.0,406.0,407.0,410.0,415.0,420.0,425.0,428.0,434.0,438.0,450.0,463.0,465.0,466.0,470.0,472.0,480.0,488.0,495.0,500.0,502.0,510.0,515.0,520.0,530.0,550.0,560.0,562.0,564.0,570.0,580.0,590.0,600.0,607.0,615.0,620.0,625.0,630.0,640.0,650.0,660.0,672.0,675.0,678.0,680.0,685.0,695.0,710.0,714.0,718.0,720.0,725.0,735.0,740.0,750.0,760.0,770.0,780.0,795.0,830.0,835.0,840.0,845.0,855.0,870.0,880.0,885.0,886.0,915.0,920.0,937.0,970.0,985.0,990.0,1015.0,1020.0,1035.0,1045.0,1050.0,1060.0,1065.0,1080.0,1095.0,1105.0,1120.0,1130.0,1150.0,1185.0,1190.0,1195.0,1235.0,1260.0,1265.0,1270.0,1280.0,1285.0,1290.0,1295.0,1310.0,1320.0,1375.0,1450.0,1480.0,1510.0,1515.0,1547.0,1680.0
